0.027128340676426888
0.07106221467256546
0.015108427032828331
0.003914579749107361
0.003914863336831331
0.058201782405376434
0.00921538658440113
0.03551383689045906
0.003959471359848976
0.003914438188076019
0.017514176666736603
0.04835735261440277
0.044885240495204926
0.003914372529834509
0.016800684854388237
0.009615892544388771
0.02452554553747177
0.02448485791683197
0.06745303422212601
0.003914541564881802
0.010867432691156864
0.017873849719762802
0.0446498766541481
0.06265972554683685
0.0039152177050709724
0.021149948239326477
0.014035866595804691
0.019781066104769707
0.03431709110736847
0.0211839247494936
0.003916887566447258
0.003917314577847719
0.003915477078408003
0.029023587703704834
0.009296122007071972
0.02894163504242897
0.0039174738340079784
0.011317413300275803
0.014552348293364048
0.022075213491916656
0.0039251274429261684
0.055924586951732635
0.016546478495001793
0.0039968425408005714
0.0039241723716259
0.003916140645742416
0.021637730300426483
0.0056944433599710464
0.01398911327123642
0.025589725002646446
0.018074393272399902
0.06427675485610962
0.03237951174378395
0.02214348129928112
0.06199146434664726
0.0039241430349648
0.003924975637346506
0.0454852357506752
0.023352239280939102
0.019630178809165955
0.044184137135744095
0.06922993063926697
0.012362328357994556
0.030884822830557823
0.015245683491230011
0.054652173072099686
0.009003420360386372
0.022949092090129852
0.012228451669216156
0.003916382789611816
0.05553451552987099
0.003917024936527014
0.003916090354323387
0.0039148712530732155
0.04412378370761871
0.011623749509453773
0.003915262408554554
0.016473637893795967
0.019351812079548836
0.017260359600186348
0.016301877796649933
0.003918025642633438
0.041028089821338654
0.021533744409680367
0.033543676137924194
0.01706436276435852
0.00553171569481492
0.0088540343567729
0.01166842132806778
0.010540328919887543
0.01194719411432743
0.051790427416563034
0.016673967242240906
0.05058492720127106
0.028636246919631958
0.006564971525222063
0.0150639358907938
0.03441420942544937
0.00991043634712696
0.0039368923753499985
0.04035200551152229
0.02114971913397312
0.023670831695199013
0.03494542837142944
0.003951924853026867
0.02263614535331726
0.03838957101106644
0.026690779253840446
0.039701662957668304
0.0379091240465641
0.019556410610675812
0.03479859232902527
0.014235550537705421
0.006665999535471201
0.003935393877327442
0.012898838147521019
0.02083226665854454
0.055714454501867294
0.015089798718690872
0.014272104948759079
0.0039414153434336185
0.02206900529563427
0.0039375536143779755
0.026147745549678802
0.018340975046157837
0.010075041092932224
0.020591815933585167
0.022609353065490723
0.04199185222387314
0.003931952640414238
0.0039468007162213326
0.003922690637409687
0.05078861117362976
0.003918301314115524
0.04345162212848663
0.039487164467573166
0.02168446220457554
0.0349242240190506
0.02574317157268524
0.022214332595467567
0.04219534993171692
0.007482531014829874
0.003914599306881428
0.003914489410817623
0.01418180763721466
0.003915021661669016
0.011669568717479706
0.003917025867849588
0.014673124998807907
0.008435852825641632
0.03482421860098839
0.008035063743591309
0.02622074820101261
0.02467081882059574
0.1013435572385788
0.031184859573841095
0.03268102556467056
0.04873094707727432
0.015099752694368362
0.005663006566464901
0.0161359254270792
0.011646879836916924
0.03618169575929642
0.0039289118722081184
0.003939145244657993
0.03382769227027893
0.007382243871688843
0.029009554535150528
0.045347921550273895
0.003949171397835016
0.01718418300151825
0.003918201196938753
0.05057013779878616
0.012292759492993355
0.004501692019402981
0.010301632806658745
0.003925374709069729
0.003922941628843546
0.018962044268846512
0.007798497099429369
0.013056275434792042
0.031563062220811844
0.021329116076231003
0.00394650362432003
0.03885636106133461
0.029876306653022766
0.02292618528008461
0.003933311440050602
0.04183119907975197
0.004328567534685135
0.003927630838006735
0.04962775856256485
0.003917485475540161
0.021560536697506905
0.05511992797255516
0.02787230908870697
0.030815426260232925
0.0039206454530358315
0.02647634781897068
0.05660640448331833
0.028789401054382324
0.027090584859251976
0.01448574848473072
0.010097568854689598
0.010650703683495522
0.023359142243862152
0.003956599161028862
0.006355247925966978
0.00859490130096674
0.03816075623035431
0.003937995061278343
0.003919314593076706
0.012180733494460583
0.02575996145606041
0.013629250228404999
0.04213370382785797
0.03131171688437462
0.004013740457594395
0.02257843129336834
0.015125470235943794
0.06101632118225098
0.003929033875465393
0.01847536861896515
0.02273963764309883
0.03251520171761513
0.01988956518471241
0.047708071768283844
0.04599454626441002
0.02297673001885414
0.03730638697743416
0.01925724744796753
0.023984035477042198
0.003914205357432365
0.004970963578671217
0.0039142463356256485
0.003914195112884045
0.05543659254908562
0.03487900272011757
0.015053946524858475
0.03575647249817848
0.01312283705919981
0.02487625740468502
0.042940374463796616
0.02152714878320694
0.014592088758945465
0.023069487884640694
0.003914231434464455
0.0070507521741092205
0.003914031200110912
0.004569440148770809
0.06042417138814926
0.047633931040763855
0.04461292922496796
0.05204445496201515
0.03415437415242195
0.011914250440895557
0.00391414575278759
0.022741470485925674
0.060241587460041046
0.016131116077303886
0.003913972061127424
0.02220747247338295
0.006759640295058489
0.039161570370197296
0.020740706473588943
0.02739698812365532
0.032071784138679504
0.05489064380526543
0.025576036423444748
0.02576596289873123
0.027378961443901062
0.007297283969819546
0.018495308235287666